4294967278,186
4294967278,91
4294967278,61
4294967279,49
4294967279,44
4294967279,39
4294967279,34
4294967279,186
4,4
4294967294,95
4294967294,50
4294967294,1416
4294967294,1497
4294967294,980
4294967294,1540
4294967294,36
4294967294,39
4294967294,1417
4294967294,979
4294967294,81
4294967294,1548
4294967294,1547
4294967294,982
4294967294,981
4294967294,68
4294967294,18
4294967294,127
4294967294,14
4294967294,126
4294967294,20
4294967294,24
4294967294,13
4294967294,1551
4294967294,22
4294967294,17
4294967294,42
4294967294,67
4294967294,99
4294967294,76
4294967294,41
4294967294,43
4294967294,82
4294967294,83
4294967293,131
4294967293,130
4294967293,129
4294967293,128
4294967293,127
4294967293,126
4294967293,125
4294967293,124
4294967293,123
4294967293,122
4294967293,121
4294967293,120
4294967293,119
4294967293,118
4294967293,117
4294967293,116
4294967293,115
4294967293,114
4294967293,113
4294967293,112
4294967293,111
4294967293,110
4294967293,109
4294967293,108
4294967293,107
4294967293,106
4294967293,105
4294967293,104
4294967293,103
4294967293,102
4294967293,101
4294967293,100
4294967293,99
4294967293,98
4294967293,97
4294967293,96
4294967293,95
4294967293,94
4294967293,93
4294967293,92
4294967293,91
4294967293,90
4294967293,89
4294967293,87
4294967293,86
4294967293,85
4294967293,84
4294967293,83
4294967293,82
4294967293,81
4294967293,80
4294967293,79
4294967293,78
4294967293,77
4294967293,76
4294967293,75
4294967293,74
4294967293,73
4294967293,72
4294967293,71
4294967293,70
4294967293,69
4294967293,68
4294967293,67
4294967293,66
4294967293,65
4294967293,64
4294967293,63
4294967293,62
4294967293,61
4294967293,60
4294967293,59
4294967293,58
4294967293,57
4294967293,56
4294967293,55
4294967293,54
4294967293,53
4294967293,52
4294967293,51
4294967293,50
4294967293,49
4294967293,48
4294967293,47
4294967293,46
4294967293,45
4294967293,44
4294967293,43
4294967293,42
4294967293,41
4294967293,40
4294967293,39
4294967293,38
4294967293,37
4294967293,36
4294967293,35
4294967293,34
4294967293,33
4294967293,32
4294967293,31
4294967293,30
4294967293,29
4294967293,28
4294967293,27
4294967293,26
4294967293,25
4294967293,24
4294967293,23
4294967293,22
4294967293,21
4294967293,20
4294967293,19
4294967293,18
4294967293,17
4294967293,16
4294967293,15
4294967293,14
4294967293,13
4294967293,12
4294967293,11
4294967293,10
4294967293,9
4294967293,8
4294967293,7
4294967293,6
4294967293,5
4294967293,4
4294967293,3
4294967278,105
4294967278,104
4294967278,103
4294967278,102
4294967278,101
4294967278,100
4294967278,99
4294967278,98
4294967278,97
4294967278,96
4294967278,94
4294967278,93
4294967278,92
4294967278,89
4294967278,87
4294967278,86
4294967278,85
4294967278,84
4294967278,83
4294967278,82
4294967278,81
4294967278,80
4294967278,79
4294967278,78
4294967278,77
4294967278,76
4294967278,75
4294967278,74
4294967278,73
4294967278,72
4294967278,71
4294967278,70
4294967278,69
4294967278,68
4294967278,67
4294967278,66
4294967278,64
4294967278,60
4294967278,51
4294967278,46
4294967278,45
4294967278,43
4294967278,42
4294967278,41
4294967278,40
4294967278,39
4294967278,38
4294967278,36
4294967278,337
4294967278,35
4294967278,34
4294967278,33
4294967278,32
4294967278,31
4294967278,30
4294967278,29
4294967278,28
4294967278,27
4294967278,26
4294967278,25
4294967278,24
4294967278,23
4294967278,22
4294967278,21
4294967278,20
4294967278,19
4294967278,18
4294967278,17
4294967278,16
4294967278,15
4294967278,14
4294967278,13
4294967278,12
4294967278,11
4294967278,10
4294967278,9
4294967278,8
4294967278,2
4294967279,46
4294967279,45
4294967279,43
4294967279,42
4294967279,40
4294967279,38
4294967279,36
4294967279,35
4294967279,174
4294967279,260
4294967294,12
4294967294,11
4294967294,1496
4294967294,977
4294967294,1562
4294967294,1739
4294967294,1738
4294967294,1737
4294967294,1736
4294967294,1735
4294967294,1733
4294967294,1732
4294967294,1731
4294967294,1730
4294967294,1729
4294967294,1728
4294967294,1727
4294967294,1726
4294967294,1725
4294967294,0
4294967294,1724
4294967294,1734
4294967294,1723
1,0
4294967294,742
4294967294,737
4294967294,567
4294967294,734
4294967294,729
4294967294,727
4294967294,725
4294967294,701
4294967294,685
4294967294,1159
4294967294,1573
4294967294,1509
4294967294,1511
4294967294,1515
4294967294,1574
4294967294,1561
4294967294,1512
4294967294,1156
4294967294,776
4294967294,1518
4294967294,1428
4294967294,738
4294967294,674
4294967294,1522
4294967294,1160
4294967294,660
4294967294,560
4294967294,654
4294967294,653
4294967294,651
4294967294,650
4294967294,649
4294967294,1543
4294967294,645
4294967294,1526
4294967294,638
4294967294,637
4294967294,636
4294967294,634
4294967294,633
4294967294,630
4294967294,629
4294967294,1157
4294967294,625
4294967294,1506
4294967294,617
4294967294,615
4294967294,614
4294967294,1507
4294967294,613
4294967294,611
4294967294,608
4294967294,607
4294967294,602
4294967294,600
4294967294,597
4294967294,593
4294967294,590
4294967294,588
4294967294,585
4294967294,583
4294967294,581
4294967294,313
4294967294,1519
4294967294,308
4294967294,1514
4294967294,304
4294967294,1513
4294967294,1520
4294967294,1155
4294967294,1521
4294967294,296
4294967294,295
4294967294,1152
4294967294,1144
4294967294,1136
4294967294,264
4294967294,1565
4294967294,255
4294967294,253
4294967294,1546
4294967294,239
4294967294,1818
4294967294,238
4294967294,237
4294967294,84
4294967294,236
4294967294,1425
4294967294,218
4294967294,217
4294967294,216
4294967294,215
4294967294,1112
4294967294,212
4294967294,1817
4294967294,206
4294967294,205
4294967294,203
4294967294,201
4294967294,198
4294967294,194
4294967294,192
4294967294,534
4294967294,532
4294967294,531
4294967294,437
4294967294,826
4294967294,824
4294967294,822
4294967294,821
4294967294,428
4294967294,1865
4294967294,2345
4294967294,1132
4294967294,1143
4294967294,2340
4294967294,1130
4294967278,334
4294967279,407
4294967278,273
4294967294,1567
4294967294,1110
4294967294,1816
4294967294,1566
4294967294,1815
4294967294,1814
4294967294,1813
4294967294,1812
4294967294,1811
4294967294,1111
4294967294,1810
4294967294,1470
4294967294,1809
4294967294,1808
4294967294,1807
4294967294,1862
4294967294,1806
4294967294,1856
4294967294,1805
4294967294,1804
4294967294,1435
4294967294,1803
4294967294,1802
4294967294,1801
4294967294,1863
4294967294,1597
4294967294,1800
4294967294,1799
4294967294,1596
4294967294,1798
4294967294,1559
4294967294,1589
4294967294,1797
4294967294,1478
4294967294,1581
4294967294,1796
4294967294,1587
4294967294,1569
4294967294,1557
4294967294,1795
4294967294,1527
4294967294,1571
4294967294,1794
4294967294,1793
4294967294,1792
4294967294,1588
4294967294,1580
4294967294,1505
4294967294,1504
4294967294,1556
4294967294,1554
4294967294,1508
4294967294,1538
4294967294,1490
4294967294,1455
4294967294,1492
4294967294,1483
4294967294,1544
4294967294,1479
4294967294,987
4294967294,986
4294967294,1113
4294967294,1134
4294967294,1131
4294967294,1867
4294967294,1872
4294967294,1860
4294967294,1861
4294967294,1858
4294967294,425
4294967294,136
4294967294,66
4294967294,65
4294967294,64
4294967294,63
4294967294,62
4294967294,937
4294967294,1595
4294967294,445
4294967294,422
4294967294,444
4294967294,1584
4294967294,1857
4294967294,1585
4294967294,1590
4294967294,1114
4294967294,1911
4294967294,1871
4294967294,143
4294967294,138
4294967294,137
4294967294,131
4294967294,1593
4294967294,1598
4294967294,148
4294967294,147
4294967294,1575
4294967294,144
4294967294,430
4294967294,125
4294967294,1594
4294967294,1864
4294967294,1577
4294967294,1591
4294967294,443
4294967294,1586
4294967294,1558
4294967294,1572
4294967294,1142
4294967294,8
4294967294,9
4294967294,1722
4294967294,1721
4294967294,1720
4294967294,1719
4294967294,1718
4294967294,1716
4294967294,1715
4294967294,1714
4294967294,1713
4294967294,1712
4294967294,1711
4294967294,1710
4294967294,1709
4294967294,1708
4294967294,1707
4294967294,1717
4294967294,1706
4294967279,400
4294967278,330
4294967279,399
4294967279,398
4294967279,397
4294967278,333
4294967278,329
4294967279,402
4294967279,396
4294967279,395
4294967278,332
4294967279,394
4294967294,1486
4294967294,1476
4294967294,1477
4294967294,1459
4294967294,1463
4294967294,1472
4294967294,1475
4294967294,1473
4294967294,1465
4294967294,1592
4294967294,1449
4294967294,1445
4294967294,1451
4294967294,1450
4294967294,1454
4294967294,1448
4294967294,1444
4294967294,1447
4294967294,1456
4294967294,1458
4294967294,1460
4294967294,1474
4294967294,1446
4294967294,1453
4294967294,1461
4294967294,1467
4294967294,1541
4294967294,1480
4294967294,1431
4294967294,1439
4294967294,1430
4294967294,1488
4294967294,1464
4294967294,1869
4294967294,124
4294967294,3
4294967294,105
4294967294,1426
4294967294,1917
4294967294,1432
4294967294,1436
4294967294,1438
4294967294,188
4294967294,185
4294967294,1434
4294967294,1423
4294967294,1545
4294967294,1422
4294967294,1471
4294967294,1421
4294967294,1916
4294967294,52
4294967294,177
4294967294,182
4294967294,971
4294967294,1469
4294967294,970
4294967294,972
4294967294,968
4294967294,1418
4294967294,174
4294967294,176
4294967294,172
4294967294,171
4294967294,393
4294967294,173
4294967294,389
4294967294,1705
4294967294,1704
4294967294,1703
4294967294,170
4294967294,1702
4294967294,1701
4294967294,1699
4294967294,1698
4294967294,1697
4294967294,1696
4294967294,1695
4294967294,1694
4294967294,1693
4294967294,1692
4294967294,1691
4294967294,1690
4294967294,1700
4294967294,1689
4294967294,1688
4294967294,1687
4294967294,1686
4294967294,1685
4294967294,1684
4294967294,1682
4294967294,1681
4294967294,1680
4294967294,1679
4294967294,1678
4294967294,969
4294967294,1677
4294967294,1676
4294967294,1675
4294967294,1674
4294967294,1673
4294967294,1683
4294967294,1672
4294967294,1671
4294967294,1670
4294967294,1669
4294967294,1668
4294967294,1667
4294967294,1665
4294967294,1664
4294967294,1663
4294967294,1662
4294967294,1661
4294967294,1660
4294967294,1659
4294967294,1658
4294967294,1657
4294967294,1656
4294967294,1666
4294967294,1655
4294967294,1654
4294967294,1653
4294967294,1652
4294967294,1651
4294967294,163
4294967294,1650
4294967294,1648
4294967294,1647
4294967294,1646
4294967294,1645
4294967294,1644
4294967294,1643
4294967294,1642
4294967294,1641
4294967294,1640
4294967294,1639
4294967294,190
4294967294,1649
4294967294,1638
4294967294,1637
4294967294,1636
4294967294,1635
4294967294,1634
4294967294,1633
4294967294,1631
4294967294,1630
4294967294,1629
4294967294,1628
4294967294,1627
4294967294,1626
4294967294,1625
4294967294,1624
4294967294,1623
4294967294,1622
4294967294,1632
4294967294,1621
4294967294,1620
4294967294,1619
4294967294,1618
4294967294,1617
4294967294,1616
4294967294,1614
4294967294,1613
4294967294,1612
4294967294,1611
4294967294,1610
4294967294,1609
4294967294,1413
4294967294,1608
4294967294,1607
4294967294,1606
4294967294,1605
4294967294,1615
4294967294,1604
4294967294,967
4294967294,1603
4294967294,1602
4294967294,1601
4294967294,1600
4294967294,383
4294967294,381
4294967294,380
4294967294,379
4294967294,378
4294967294,1415
4294967294,377
4294967294,376
4294967294,375
4294967294,374
4294967294,373
4294967294,372
4294967294,966
4294967294,382
4294967294,371
4294967294,370
4294967294,369
4294967294,368
4294967294,367
4294967294,366
4294967294,364
4294967294,363
4294967294,362
4294967294,361
4294967294,360
4294967294,359
4294967294,358
4294967294,357
4294967294,356
4294967294,355
4294967294,365
4294967294,354
4294967294,353
4294967294,352
4294967294,351
4294967294,350
